#Parameters = {nmesh=50; posin=280; r=76; sigma=50; wk=30000; xpos=0; ypos=0}
#"Frequency / GHz"	"Z (nmesh=50) [Re / Ohm]"	"Z (nmesh=50) [Im / Ohm]"
#---------------------------------------------------------------------
0.0000000000000	33.114830439691	1.2211142354900e-10
0.0020478289222872	29.374780904617	-4.9480731836739
0.0040956578445743	23.516712970715	-2.7276936184483
0.0061434867668615	23.928779576801	3.5410183937791
0.0081913156891487	29.980761036303	4.9320908137404
0.010239144611436	32.926648949678	-0.46226276585405
0.012286973533723	28.469117076322	-4.7778853969262
0.014334802456010	22.951595509687	-1.6640400594237
0.016382631378297	24.271147791190	4.5821282458027
0.018430460300585	30.537773457550	5.1601246142964
0.020478289222872	32.768929944545	-0.60530816341686
0.022526118145159	27.780276489257	-4.2813507647163
0.024573947067446	22.774247824044	-0.43133585668279
0.026621775989733	25.008630189145	5.5549540684561
0.028669604912020	31.351215266561	5.1747901863881
0.030717433834308	32.738819052904	-0.96715332481850
0.032765262756595	27.185020829557	-3.9874779551734
0.034813091678882	22.664411817477	0.53716438022805
0.036860920601169	25.681801545020	6.1922363888293
0.038908749523456	31.905009788457	4.9116028654401
0.040956578445743	32.348611773599	-1.4142767854860
0.043004407368031	26.290155056543	-3.6009490044408
0.045052236290318	22.365410427807	1.6498466877828
0.047100065212605	26.196551505411	6.9636072599281
0.049147894134892	32.281558017611	4.8427041753337
0.051195723057179	31.849876418713	-1.5393428139700
0.053243551979466	25.478025369960	-2.8417567120492
0.055291380901754	22.327367838559	3.0217475487199
0.057339209824041	27.003573027468	7.8138522516905
0.059387038746328	32.876112904110	4.7597186659957
0.061434867668615	31.537219905436	-1.6763204858338
0.063482696590902	24.902812596307	-2.1308216571617
0.065530525513189	22.535575341191	4.2015298098036
0.067578354435477	27.917497789889	8.3311302075403
0.069626183357764	33.364309382525	4.3540924727174
0.071674012280051	31.000540050736	-1.9907857010562
0.073721841202338	24.125059526115	-1.4763076846687
0.075769670124625	22.573549441690	5.3376491929375
0.077817499046912	28.597516905370	8.8078877086097
0.079865327969200	33.533668913417	4.0295473114099
0.081913156891487	30.193780644887	-2.0257153243844
0.083960985813774	23.271955017996	-0.43936536741809
0.086008814736061	22.716267565813	6.7876503982228
0.088056643658348	29.423486411771	9.4780942616196
0.090104472580635	33.821632711343	3.8713161241276
0.092152301502923	29.559896285408	-1.8590807183014
0.094200130425210	22.730551831900	0.74047073859844
0.096247959347497	23.231926452063	8.1803225230106
0.098295788269784	30.500402318368	9.8976722096335
0.10034361719207	34.158684136344	3.4329122436670
0.10239144611436	28.872216929298	-1.8781388055223
0.10443927503665	22.148600811427	1.7817086612059
0.10648710395893	23.682407399945	9.3772576288536
0.10853493288122	31.357996491261	10.100025764570
0.11058276180351	34.112254292813	2.9267753512249
0.11263059072579	27.807065979278	-1.7189617926180
0.11467841964808	21.360664742744	3.1417844041760
0.11672624857037	24.077171429535	10.861723560197
0.11877407749266	32.173058340020	10.534224987400
0.12082190641494	34.006966566965	2.7158972348542
0.12286973533723	26.804367158696	-1.1549144396223
0.12491756425952	20.866035503092	4.8680446328742
0.12696539318180	24.896573505096	12.486106030534
0.12901322210409	33.328048609128	10.883045281906
0.13106105102638	34.073617261795	2.3700856965810
0.13310887994867	25.921224814409	-0.66550568523882
0.13515670887095	20.544469235179	6.4888543056347
0.13720453779324	25.847895857951	13.844252539785
0.13925236671553	34.381590194517	10.871669192564
0.14130019563781	33.781561416440	1.8057766716335
0.14334802456010	24.627039307866	-0.11886521901034
0.14539585348239	19.952241713975	8.3262203068263
0.14744368240468	26.629391612300	15.393016647269
0.14949151132696	35.199683814181	11.036770024736
0.15153934024925	33.183778256104	1.5899408201611
0.15358716917154	23.178799174375	1.0172778052532
0.15563499809382	19.537017479884	10.788751085397
0.15768282701611	27.810204015128	17.336200873721
0.15973065593840	36.366851490488	11.349735138067
0.16177848486069	32.789588566396	1.4941168163209
0.16382631378297	21.963821889140	2.3657229271212
0.16587414270526	19.534819516381	13.384320039989
0.16792197162755	29.426006853662	19.102447684746
0.16996980054984	37.666060884818	11.244088340044
0.17201762947212	32.137205822984	1.0866319897628
0.17406545839441	20.372345375036	3.7332850744982
0.17611328731670	19.315556727325	16.172209670705
0.17816111623898	30.901612795115	20.954670283335
0.18020894516127	38.596847476887	11.159325460497
0.18225677408356	30.846414921592	1.0014272154408
0.18430460300585	18.259487351753	5.9278830764884
0.18635243192813	19.072397949883	19.996947267785
0.18840026085042	32.736253617973	23.577771294675
0.19044808977271	39.804229904523	11.518384648093
0.19249591869499	29.572610469490	1.4467542550857
0.19454374761728	16.287761739623	9.0106458149309
0.19659157653957	19.505400349002	24.714729040224
0.19863940546186	35.547512353966	26.504047791650
0.20068723438414	41.563370334537	11.576629349578
0.20273506330643	28.103833685051	1.6903976912859
0.20478289222872	13.914071599211	12.552748292860
0.20683072115100	20.021181736111	30.206828308044
0.20887855007329	38.741683222450	29.724385686923
0.21092637899558	43.061986513850	11.423265617357
0.21297420791787	25.338160797804	2.2671479001015
0.21502203684015	10.154885478675	17.840050163344
0.21706986576244	20.323842997902	38.255056668405
0.21911769468473	42.749446416258	34.843718747218
0.22116552360701	44.849757620648	12.195710113364
0.22321335252930	21.504476113782	4.3639956050944
0.22526118145159	5.4034556601378	26.704580760187
0.22730901037388	21.847055626310	50.907724232920
0.22935683929616	49.868554117919	42.861178756784
0.23140466821845	48.502108035377	13.451322313414
0.23345249714074	16.245312868177	7.6763702814988
0.23550032606302	-1.4969333351316	40.964979920840
0.23754815498531	25.124813390813	71.623958310521
0.23959598390760	62.441087272862	55.896415450540
0.24164381282989	54.297517050342	14.866667212776
0.24369164175217	4.3853346731878	14.067133310156
0.24573947067446	-17.448777627322	71.448110984093
0.24778729959675	31.064608188573	119.40124790566
0.24983512851903	91.653121690417	89.704109692525
0.25188295744132	68.085183787144	22.049679527739
0.25393078636361	-34.496254162541	40.742859911486
0.25597861528590	-75.417605675462	198.75687395655
0.25802644420818	75.771741240860	373.08640640100
0.26007427313047	366.19764115746	363.11338062084
0.26212210205276	573.70037661826	106.93017913526
0.26416993097504	518.98159488214	-228.27631782265
0.26621775989733	249.88566902372	-398.41390484878
0.26826558881962	-8.3618477420400	-318.29389201456
0.27031341774191	-80.736976459293	-125.44505694004
0.27236124666419	4.1014939293204	-14.755403813778
0.27440907558648	87.777006292836	-41.953634455852
0.27645690450877	72.675852051237	-107.34321056271
0.27850473343106	5.2112411953122	-105.28825188196
0.28055256235334	-17.679926424259	-43.505266539542
0.28260039127563	23.255508312185	-4.4377531453494
0.28464822019792	62.842059238501	-26.627816407401
0.28669604912020	49.942143716707	-64.370188734079
0.28874387804249	10.198503671764	-60.777323017335
0.29079170696478	0.22776888060907	-22.894201771922
0.29283953588707	28.946590375995	-2.5586765757224
0.29488736480935	52.586374715978	-21.606753306495
0.29693519373164	39.772244568195	-46.743563728386
0.29898302265393	11.919640066037	-40.767427483423
0.30103085157621	8.3463097676487	-12.935900652160
0.30307868049850	31.267754323667	-1.3359718528922
0.30512650942079	46.666077208574	-18.258743434027
0.30717433834308	34.138071601827	-36.021095904428
0.30922216726536	13.455694432459	-28.494833332497
0.31126999618765	13.892410150752	-6.7299782778873
0.31331782510994	33.209919946070	-0.60041015526050
0.31536565403222	43.298840628201	-16.136006344584
0.31741348295451	30.974047108669	-29.054771904466
0.31946131187680	15.077879184646	-20.602771075789
0.32150914079909	18.048201304163	-3.1328129539414
0.32355696972137	34.495784464681	-0.77660725493895
0.32560479864366	40.550365421665	-15.051196172800
0.32765262756595	28.338456742205	-24.163159425179
0.32970045648823	16.020646770811	-14.880328834218
0.33174828541052	20.838755787127	-0.55496518100990
0.33379611433281	34.973532200469	-0.88202297998207
0.33584394325510	37.899669737738	-13.843354300907
0.33789177217738	25.996267440875	-19.660339679303
0.33993960109967	16.861867740613	-9.6296379823825
0.34198743002196	23.388408734469	2.0226254556759
0.34403525894424	35.596099637315	-0.64687658301245
0.34608308786653	35.760524782273	-12.429484016272
0.34813091678882	24.139165135165	-15.131287420507
0.35017874571111	18.124475539626	-4.2187653857088
0.35222657463339	26.566988889496	4.8305481947113
0.35427440355568	36.743150831667	-0.50124052956936
0.35632223247797	33.048485007714	-10.866418309092
0.35837006140025	20.707436489768	-7.9949572384842
0.36041789032254	20.004945138618	8.2453189089484
0.36246571924483	37.946099023060	17.197908157022
0.36451354816712	56.541899846799	4.2161905091074
0.36656137708940	54.726982425010	-19.096887489798
0.36860920601169	35.015130140931	-28.775190668101
0.37065703493398	19.666434424911	-18.046100884119
0.37270486385627	22.354154380976	-3.7539272233480
0.37475269277855	33.141104044481	-2.8959899529488
0.37680052170084	34.755597107855	-11.878168969407
0.37884835062313	25.890948284238	-14.849956701744
0.38089617954541	20.339270936320	-6.8579917747592
0.38294400846770	25.923509835809	0.66725465016633
0.38499183738999	33.956526100593	-2.3770645136363
0.38703966631228	32.764663395868	-10.459977442716
0.38908749523456	24.478992816313	-11.205996783360
0.39113532415685	21.268938844891	-3.3590633142354
0.39318315307914	27.537478895323	1.9673559380554
0.39523098200142	33.983722952154	-2.3464363909027
0.39727881092371	31.379729010702	-9.4417899627565
0.39932663984600	23.695387020211	-8.7437391699452
0.40137446876829	21.999861614862	-1.1174867583073
0.40342229769057	28.503803730309	2.7423789410020
0.40547012661286	33.704305380776	-2.1887486134456
0.40751795553515	30.232972840352	-8.3069595672925
0.40956578445743	23.248801248152	-6.5409431558470
0.41161361337972	22.766047299002	0.73975529612809
0.41366144230201	29.324426966692	3.3970105121956
0.41570927122430	33.476976126803	-1.9057232021869
0.41775710014658	29.426160327984	-7.1583462767384
0.41980492906887	23.131506645736	-4.6318569664973
0.42185275799116	23.580129121366	2.1977014339975
0.42390058691344	30.003925716181	3.8430335576493
0.42594841583573	33.199485108474	-1.6410787417322
0.42799624475802	28.722118723683	-6.0873377694625
0.43004407368031	23.044258888877	-2.9712061327296
0.43209190260259	24.180452507208	3.4355774224779
0.43413973152488	30.369844421221	4.3323073865687
0.43618756044717	32.780398050181	-1.1267542814234
0.43823538936945	28.080242742552	-4.8249367581467
0.44028321829174	22.989324958297	-1.2723768714421
0.44233104721403	24.642903101240	4.7651035800733
0.44437887613632	30.611215462072	5.1597121967101
0.44642670505860	32.508285012004	-0.16873423097860
0.44847453398089	27.791996215406	-3.3301089302269
0.45052236290318	23.146733331621	0.40945905356432
0.45257019182546	25.025133977384	6.1697886369978
0.45461802074775	30.781609514851	6.4101845933415
0.45666584967004	32.521266431395	1.3110658755941
0.45871367859233	27.951400943333	-1.6699812532572
0.46076150751461	23.301172811081	1.9828089424611
0.46280933643690	24.786681020045	7.9558342714098
0.46485716535919	30.486732958161	9.0643371044808
0.46690499428147	33.092692593073	4.5861395942789
0.46895282320376	29.182865779416	0.97611314741090
0.47100065212605	23.128400760227	4.0532650223341
0.47304848104834	22.027806594827	12.860596031246
0.47509630997062	28.978003053153	21.248789670871
0.47714413889291	41.481027542966	23.211664883257
0.47919196781520	53.818841279748	16.110841238618
0.48123979673749	59.542832722300	1.5551825133042
0.48328762565977	54.214911307080	-14.206394441030
0.48533545458206	39.440244792512	-22.268492065004
0.48738328350435	24.255711806071	-17.535035868356
0.48943111242663	18.949652012887	-4.7484341666814
0.49147894134892	25.131008531445	4.4324763039011
0.49352677027121	33.490431446000	2.8858017775139
0.49557459919350	33.841565295668	-4.4123897328415
0.49762242811578	26.623682969003	-6.6434930006358
0.49967025703807	21.640645759365	-0.41392795163441
0.50171808596036	25.233229973237	6.4652118635782
0.50376591488264	32.226657883175	5.5914747570401
0.50581374380493	33.118665957271	-0.90944018871149
0.50786157272722	26.874586475906	-3.4675014273139
0.50990940164951	22.151671343478	1.8928918176808
0.51195723057179	25.381127058571	8.2493480402709
0.51400505949408	31.998265093243	7.3857891672225
0.51605288841637	32.805273453071	1.1055167586918
0.51810071733865	26.690029988233	-1.2947276655120
0.52014854626094	22.162186539571	4.0967087514286
0.52219637518323	25.561107945884	10.362607585929
0.52424420410552	32.220144147125	9.3226604237639
0.52629203302780	32.871149902262	2.9300297367997
0.52833986195009	26.527455030032	0.67597584383318
0.53038769087238	21.999704987166	6.4458302572645
0.53243551979466	25.762277289844	12.966356629174
0.53448334871695	32.816013724892	11.720313857458
0.53653117763924	33.344603183881	4.8660641171461
0.53857900656153	26.320078632605	2.6115942271457
0.54062683548381	21.331982759355	9.2311643168334
0.54267466440610	25.642686220525	16.759092717708
0.54472249332839	33.812038237682	15.484730896038
0.54677032225067	34.455987729859	7.5582106997857
0.54881815117296	25.839170793660	5.0068424875472
0.55086598009525	19.335109463606	13.743291453468
0.55291380901754	24.874991115900	24.464337929134
0.55496163793982	36.560112828840	23.761467805472
0.55700946686211	38.247999817712	12.770414582940
0.55905729578440	24.534366880597	9.1240306927727
0.56110512470668	11.742916155857	26.768859136246
0.56315295362897	22.888934643434	55.843205330553
0.56520078255126	60.802515039615	67.759137743067
0.56724861147355	99.702399959032	43.488020578160
0.56929644039583	107.48153710589	-4.2770079101909
0.57134426931812	77.336420956418	-40.367633165790
0.57339209824041	35.290945354940	-40.286360379811
0.57543992716269	14.420128833831	-13.160790373366
0.57748775608498	22.338616370804	10.098999796983
0.57953558500727	36.811430990728	10.936992286951
0.58158341392956	34.301077081190	2.0361415819083
0.58363124285184	19.249899930280	9.3726324728556
0.58567907177413	19.647202564395	37.470233475079
0.58772690069642	52.197989840756	58.897800168486
0.58977472961871	97.103180110812	43.069421494434
0.59182255854099	114.30687169376	-6.7411627708824
0.59387038746328	85.881889094928	-51.901405038020
0.59591821638557	36.713390220424	-57.118032096599
0.59796604530785	8.4483481420552	-26.586906172766
0.60001387423014	15.845021199984	3.7821863100106
0.60206170315243	35.773162658278	8.2240751861901
0.60410953207472	39.885359982786	-3.0937408214244
0.60615736099700	29.135641316873	-3.7786314689223
0.60820518991929	27.575799939882	11.187938972741
0.61025301884158	45.786249552648	19.229949202981
0.61230084776386	63.547266781047	2.7576283611193
0.61434867668615	55.656256332122	-23.696064663821
0.61639650560844	26.902900588760	-29.502259317595
0.61844433453073	8.5833508793855	-7.3960491955463
0.62049216345301	19.265691265103	16.049375024402
0.62253999237530	41.052744557834	14.237048091925
0.62458782129759	43.493233406008	-5.2704020689298
0.62663565021987	23.978654746201	-11.868261196410
0.62868347914216	10.466194554645	6.1798609701185
0.63073130806445	22.482318918657	25.717731483182
0.63277913698674	43.491009067555	20.987376763830
0.63482696590902	43.422138430424	0.36002973627011
0.63687479483131	21.372448007236	-4.1375644118944
0.63892262375360	8.6447218213841	18.125342117606
0.64097045267588	25.306360066804	39.305692069402
0.64301828159817	49.568183031983	30.797348804940
0.64506611052046	45.688534067299	5.8046065722310
0.64711393944275	15.754791733181	5.0277501614781
0.64916176836503	2.1583979143559	39.565303566936
0.65120959728732	30.149492758614	69.283935988300
0.65325742620961	65.706145073579	54.532031236329
0.65530525513189	54.003129497351	18.663493742564
0.65735308405418	-0.51919111715516	32.040784977707
0.65940091297647	-17.671846502527	122.28628425899
0.66144874189876	73.889195982524	217.95651704092
0.66349657082104	241.38179585960	207.17727919542
0.66554439974333	359.69744655161	57.965734721361
0.66759222866562	330.23948723588	-135.23974878885
0.66964005758790	179.95103931334	-237.61872349032
0.67168788651019	31.741686464899	-201.66398484101
0.67373571543248	-18.470437104236	-99.858471972256
0.67578354435477	17.252345506566	-36.105873574535
0.67783137327705	57.847359252708	-42.645013847011
0.67987920219934	51.695450114216	-71.301400269036
0.68192703112163	19.464196155551	-69.205647903955
0.68397486004391	7.8342420518127	-38.741643481547
0.68602268896620	26.422491655018	-18.899941374913
0.68807051788849	44.492414655291	-27.869258827456
0.69011834681078	38.151710563582	-43.992940338025
0.69216617573306	19.743381594717	-40.722716389935
0.69421400465535	15.802150899097	-21.727762148633
0.69626183357764	30.304688764469	-11.463146930501
0.69830966249993	42.654679882683	-20.323351966743
0.70035749142221	37.750172597344	-33.104693956059
0.70240532034450	24.553784098884	-32.242543926666
0.70445314926679	20.796558468596	-20.623834806984
0.70650097818907	28.685816882348	-14.380883346558
0.70854880711136	34.706687128356	-19.523122556927
0.71059663603365	30.249192379776	-25.583392995647
0.71264446495594	22.616641118611	-22.323703600849
0.71469229387822	22.879419974062	-13.883146140583
0.71674012280051	30.006342110296	-11.428896653867
0.71878795172280	33.476859873219	-16.866741066970
0.72083578064508	28.813528302879	-21.031052885778
0.72288360956737	23.262375534094	-17.431211849969
0.72493143848966	24.662953057721	-11.041318871343
0.72697926741195	30.463858165048	-10.369656106831
0.72902709633423	32.145461041789	-15.272911135128
0.73107492525652	27.611825309193	-17.837230601995
0.73312275417881	23.631553979980	-14.048134122760
0.73517058310109	25.693449220800	-9.1146471449297
0.73721841202338	30.410639090733	-9.4831319539902
0.73926624094567	30.919625380028	-13.698439916232
0.74131406986796	26.777510105793	-15.005830609185
0.74336189879024	24.151139768596	-11.226479356570
0.74540972771253	26.685247471537	-7.5334625038486
0.74745755663482	30.513249280811	-8.6826043153462
0.74950538555710	30.182782235842	-12.316115795374
0.75155321447939	26.464508030404	-12.726418098451
0.75360104340168	24.893583035245	-9.1423311665219
0.75564887232397	27.633186874674	-6.5479374626183
0.75769670124625	30.560871111375	-8.2726791904335
0.75974453016854	29.456750360733	-11.294577270732
0.76179235909083	26.070006616354	-10.813321820626
0.76384018801311	25.438820777719	-7.1947967802092
0.76588801693540	28.617154992500	-5.3311307627044
0.76793584585769	31.279218933610	-7.6189604710581
0.76998367477998	29.922458641753	-10.704446943371
0.77203150370226	26.633061320466	-10.375921303871
0.77407933262455	25.852036171380	-7.3510971673656
0.77612716154684	28.126231437637	-5.8607385608656
0.77817499046912	29.741212612987	-7.4845319794053
0.78022281939141	28.335730594480	-9.1874822129119
0.78227064831370	26.183082797116	-8.0315182296392
0.78431847723599	26.631678530435	-5.4548986875758
0.78636630615827	29.166148678027	-5.0327236584308
0.78841413508056	30.229779870628	-7.2367346494705
0.79046196400285	28.386741645762	-8.8250059481903
0.79250979292513	26.278312974684	-7.5431981550569
0.79455762184742	26.730854954898	-5.2273159619285
0.79660545076971	28.803300610240	-4.9899392783673
0.79865327969200	29.363824022472	-6.7742260419549
0.80070110861428	27.659279949078	-7.6521499777034
0.80274893753657	26.232022675650	-6.1717322378707
0.80479676645886	27.092020963560	-4.3427316032000
0.80684459538115	28.869500084281	-4.5640365955970
0.80889242430343	28.964560592049	-6.1639420559692
0.81094025322572	27.345630084398	-6.5318085127611
0.81298808214801	26.456305538173	-4.9756830792851
0.81503591107029	27.565308081416	-3.6163584088186
0.81708373999258	29.001054624762	-4.1813294948878
0.81913156891487	28.722741058185	-5.5370688167113
0.82117939783716	27.283201469333	-5.4918986176006
0.82322722675944	26.861779340247	-4.0279745877291
0.82527505568173	27.985419717633	-3.1707864856322
0.82732288460402	28.879139206405	-3.8591975121080
0.82937071352630	28.293614411866	-4.6104864125631
0.83141854244859	27.418327384225	-3.9381170108890
0.83346637137088	27.946840688587	-2.7462149863231
0.83551420029317	29.276059697182	-2.9415450161171
0.83756202921545	29.263518669309	-4.2880613574114
0.83960985813774	27.637152197280	-4.4071957122059
0.84165768706003	26.915371317446	-2.3008907059502
0.84370551598231	29.042713963435	-0.34323065025259
0.84575334490460	32.280041013134	-1.4791418463613
0.84780117382689	32.967558619369	-5.1557467928171
0.84984900274918	30.137144833828	-7.6363443932851
0.85189683167146	26.835370660802	-6.5381399015260
0.85394466059375	26.327548701102	-3.6579127419132
0.85599248951604	28.206202268899	-2.4432865808367
0.85804031843832	29.403908417631	-3.6410205140492
0.86008814736061	28.407484121355	-4.8431105997809
0.86213597628290	26.913863701002	-4.1082310274164
0.86418380520519	27.067530925113	-2.4613913798173
0.86623163412747	28.471936660835	-2.0949973959456
0.86827946304976	29.026183403528	-3.1989400851466
0.87032729197205	28.020029092627	-3.8993667091447
0.87237512089433	26.985542710917	-3.0662062745018
0.87442294981662	27.347603389928	-1.8113755317489
0.87647077873891	28.452373859141	-1.7201789700257
0.87851860766120	28.685826386317	-2.5965885547967
0.88056643658348	27.820178523361	-2.9173856758636
0.88261426550577	27.187863845112	-2.0920905694596
0.88466209442806	27.661449374157	-1.1859226088439
0.88670992335034	28.494305276039	-1.2593015035512
0.88875775227263	28.541961519604	-1.9077784242498
0.89080558119492	27.876363806579	-2.0093370433334
0.89285341011721	27.501721813663	-1.3492699115743
0.89490123903949	27.845115255143	-0.74613218908700
0.89694906796178	28.306711562485	-0.75394079001192
0.89899689688407	28.288179496989	-0.99544180581337
0.90104472580635	27.962922243204	-0.90508000231980
0.90309255472864	27.793729845512	-0.49636678811914
0.90514038365093	27.855087563420	-0.078541054895288
0.90718821257322	28.009544510436	0.27562238552843
0.90923604149550	28.281155170483	0.54671127069731
0.91128387041779	28.544092235057	0.51227914115056
0.91333169934008	28.276907558952	0.29324606044564
0.91537952826237	27.405235546335	0.75974691247678
0.91742735718465	27.089529269417	2.4070983550866
0.91947518610694	28.438785887052	3.9327377310125
0.92152301502923	30.190699571172	3.4218435336510
0.92357084395151	29.322742182639	1.7722789857805
0.92561867287380	25.576157368409	3.3985235042630
0.92766650179609	24.399301262510	11.101416376396
0.92971433071838	32.431651790049	20.134723375802
0.93176215964066	48.603498929581	20.230363993508
0.93380998856295	61.732681172844	6.1428436116073
0.93585781748524	60.104013414071	-14.504323649983
0.93790564640752	44.006919980326	-26.732325904815
0.93995347532981	26.583240059711	-22.825724991662
0.94200130425210	20.727417478076	-9.9463167108748
0.94404913317439	26.409582725712	-1.7371294655607
0.94609696209667	32.751301175411	-3.6239851442601
0.94814479101896	31.615688007372	-8.8376434679018
0.95019261994125	26.019086002913	-8.6865565891763
0.95224044886353	24.122883939424	-3.3203932170387
0.95428827778582	27.955789022312	0.074548384005109
0.95633610670811	31.610609042454	-2.2474570296389
0.95838393563040	30.078495532114	-5.9479912846458
0.96043176455268	25.948418124147	-5.2761081370936
0.96247959347497	25.192888745581	-1.0487703763650
0.96452742239726	28.666426711584	1.0076249383056
0.96657525131954	31.299885584009	-1.4353106745779
0.96862308024183	29.587711108685	-4.3003896760846
0.97067090916412	26.403561225797	-3.2730263256884
0.97271873808641	26.502900597760	0.050698253601101
0.97476656700869	29.550576755798	0.78511774329884
0.97681439593098	30.787914797242	-1.9513670457814
0.97886222485327	28.168008106361	-3.7757163520178
0.98091005377555	25.429015030345	-1.5647477161158
0.98295788269784	26.603227664362	1.8617325016627
0.98500571162013	30.021633405782	1.8197039752953
0.98705354054242	30.674476393669	-1.3230001182215
0.98910136946470	27.579696247093	-2.5876240512308
0.99114919838699	25.335832608336	0.30639011785917
0.99319702730928	27.388696226525	3.4538876631809
0.99524485623156	30.794428499636	2.4343856050277
0.99729268515385	30.395248685493	-0.99878276320659
0.99934051407614	26.567392854114	-1.2438825656850
1.0013883429984	25.008791275159	2.8142881887584
1.0034361719207	28.347854427156	5.7459552025130
1.0054840008430	31.769209075514	3.4517819654234
1.0075318297653	29.773954531313	-0.22242375942159
1.0095796586876	24.828473265683	1.4804320820117
1.0116274876099	24.663172156991	7.8898562581920
1.0136753165321	30.730299535164	10.676200359645
1.0157231454544	34.418870498913	5.9218597192240
1.0177709743767	28.644910609986	2.0953321326741
1.0198188032990	20.474674282214	10.518686939201
1.0218666322213	25.894351198120	28.307740678662
1.0239144611436	49.872101509390	36.755898963805
1.0259622900659	76.047250938698	20.873758852564
1.0280101189882	81.364551560385	-11.734884987715
1.0300579479104	60.640079401980	-36.339284806957
1.0321057768327	32.433811290674	-36.189688296180
1.0341536057550	19.090285333967	-18.658287922804
1.0362014346773	24.323391617395	-4.5340215995152
1.0382492635996	33.494821413524	-4.6113736327624
1.0402970925219	33.449522847996	-11.212197518143
1.0423449214442	26.483010855930	-11.848966826440
1.0443927503665	23.369839452068	-5.3151246963351
1.0464405792887	27.665610880389	-0.57517794491197
1.0484884082110	32.263770979419	-2.9445070264884
1.0505362371333	30.589530492147	-7.3452410707130
1.0525840660556	25.588180553991	-6.5128068508611
1.0546318949779	24.670629642142	-1.3093568594236
1.0566797239002	28.921574372901	1.1629675937452
1.0587275528225	31.952612771980	-1.9548918487647
1.0607753817448	29.364269532162	-5.3762819865228
1.0628232106670	24.997386524905	-3.4890223724716
1.0648710395893	25.269010882667	1.5663171117361
1.0669188685116	29.889705689036	3.0146150540802
1.0689666974339	32.190497653518	-0.77174767655325
1.0710145263562	28.639780923593	-3.7286659731401
1.0730623552785	24.153179146996	-0.55859211411315
1.0751101842008	25.478976042292	5.4979311920930
1.0771580131231	31.472567227297	6.6885270447142
1.0792058420453	33.849225861237	1.6945526297655
1.0812536709676	28.311886669734	-1.2678012803758
1.0833014998899	21.812641147679	5.6922171834516
1.0853493288122	25.807060776392	19.040706669969
1.0873971577345	42.686688090470	25.560994115757
1.0894449866568	61.340381352744	15.841776735278
1.0914928155791	67.346458577500	-5.4898639212200
1.0935406445013	56.688277128868	-23.926560144938
1.0955884734236	38.632939070731	-28.615392796675
1.0976363023459	26.004707800884	-20.952665737298
1.0996841312682	23.987773469053	-10.781659942702
1.1017319601905	28.112929502621	-6.1157920141555
1.1037797891128	31.104399232993	-7.2435959124337
1.1058276180351	30.041231979644	-9.3460210832508
1.1078754469574	27.287893221906	-8.7617754039033
1.1099232758796	26.273806350001	-6.0699983613314
1.1119711048019	27.634981588527	-4.1226626452467
1.1140189337242	29.272724283432	-4.3987750199204
1.1160667626465	29.213380810075	-5.6911854961946
1.1181145915688	27.748654497145	-5.9063299901065
1.1201624204911	26.771158256721	-4.5346954213975
1.1222102494134	27.405996212870	-3.0495325322726
1.1242580783357	28.736474795250	-2.9870548394062
1.1263059072579	29.034246335939	-4.0628977391583
1.1283537361802	27.947301822603	-4.5843443395469
1.1304015651025	26.926133686321	-3.6350176980461
1.1324493940248	27.324238474093	-2.2637957521156
1.1344972229471	28.601924283237	-2.1027877920213
1.1365450518694	29.026626239626	-3.1780728248162
1.1385928807917	28.007040261312	-3.8434046783111
1.1406407097140	26.928139424207	-3.0028142333188
1.1426885386362	27.280064141546	-1.6374019565640
1.1447363675585	28.585388873860	-1.4872153428632
1.1467841964808	29.019057124504	-2.6315208693918
1.1488320254031	27.942942942370	-3.3337706319617
1.1508798543254	26.838546406917	-2.4476061190197
1.1529276832477	27.261959370681	-1.0565865795694
1.1549755121700	28.634160736514	-0.99067411255709
1.1570233410923	29.012307687839	-2.2374786452367
1.1590711700145	27.829972445067	-2.9139365420121
1.1611189989368	26.741408864699	-1.9140870986099
1.1631668278591	27.305136876244	-0.51304553232090
1.1652146567814	28.744472216144	-0.59501942101524
1.1672624857037	29.006431469822	-1.9602732568812
1.1693103146260	27.683800140838	-2.5616963095018
1.1713581435483	26.640714242586	-1.4076138460332
1.1734059724705	27.380138440619	-0.015657923506722
1.1754538013928	28.867233252248	-0.28293250060332
1.1775016303151	28.962656690571	-1.7557721237000
1.1795494592374	27.486991788482	-2.2280468561209
1.1815972881597	26.528078994640	-0.88767444675940
1.1836451170820	27.476710579414	0.47465675782458
1.1856929460043	28.996680953934	-0.0070568614589628
1.1877407749266	28.891824046010	-1.5737927584553
1.1897886038488	27.266445634017	-1.8748246148929
1.1918364327711	26.433425214146	-0.33474804782344
1.1938842616934	27.617284966823	0.96506345530198
1.1959320906157	29.147497619203	0.23561260161250
1.1979799195380	28.803922804999	-1.4139003755477
1.2000277484603	27.026061859002	-1.5051314120271
1.2020755773826	26.351220358010	0.24773089009820
1.2041234063049	27.787620928092	1.4575436218490
1.2061712352271	29.300616997255	0.45536455994643
1.2082190641494	28.677520834057	-1.2568617606320
1.2102668930717	26.744257094131	-1.0884442860500
1.2123147219940	26.266157413866	0.90321125158590
1.2143625509163	27.986099137471	2.0028670882752
1.2164103798386	29.466922153969	0.69987123339389
1.2184582087609	28.525868999221	-1.0610651753008
1.2205060376832	26.430982096445	-0.58032439682783
1.2225538666054	26.191979101979	1.6869736368870
1.2246016955277	28.238877885503	2.6636220020310
1.2266495244500	29.683703120142	1.0353791015600
1.2286973533723	28.402350426839	-0.74675053851509
1.2307451822946	26.191104219873	0.11108557036181
1.2327930112169	26.322468021590	2.6400773211049
1.2348408401392	28.778717165841	3.3153913231107
1.2368886690615	30.039046741674	1.1272793200688
1.2389364979837	28.046937726073	-0.69875484732184
1.2409843269060	25.414490362168	0.87437284816045
1.2430321558283	25.986062275686	4.1550171616738
1.2450799847506	29.242209552660	4.7592648673079
1.2471278136729	30.593500956203	1.8532226148269
1.2491756425952	27.744396834109	-0.16551467856114
1.2512234715175	24.435448278789	2.4591945783005
1.2532713004397	25.725539284079	7.1274070500967
1.2553191293620	30.584691982289	7.7606779426053
1.2573669582843	32.245407516982	3.3947082716517
1.2594147872066	27.158370522204	0.99304575720681
1.2614626161289	21.394565522073	7.3816243516818
1.2635104450512	25.154849991076	19.395994505361
1.2655582739735	40.576946048323	24.996810076800
1.2676061028958	57.255713046246	15.559159101576
1.2696539318180	61.672389066050	-4.2212876260852
1.2717017607403	50.570938225140	-20.252316583818
1.2737495896626	33.699368984514	-22.587188568504
1.2757974185849	23.547174929719	-13.881610657414
1.2778452475072	23.868176934186	-4.6370753966675
1.2798930764295	28.671388612745	-1.9726193871572
1.2819409053518	30.649579427789	-4.3304863719167
1.2839887342741	28.470704318804	-5.9947954802033
1.2860365631963	25.914321074901	-4.2909653852447
1.2880843921186	26.084108767054	-1.3432747662662
1.2901322210409	28.221164794636	-0.21009700378331
1.2921800499632	29.691122863818	-1.2578723372288
1.2942278788855	29.357199399083	-2.6026598956175
1.2962757078078	28.231374970569	-2.8114136392291
1.2983235367301	27.624814764179	-2.1665305690206
1.3003713656524	27.697144489990	-1.6432150146291
1.3024191945746	27.820255029759	-1.5796350984749
1.3044670234969	27.627712874791	-1.6062458190857
1.3065148524192	27.316829526251	-1.3772784319309
1.3085626813415	27.204955205777	-0.95888974466343
1.3106105102638	27.347461086806	-0.62258193206763
1.3126583391861	27.557934478584	-0.53057836715106
1.3147061681084	27.609066661554	-0.62181186396491
1.3167539970307	27.420241627413	-0.66595692875794
1.3188018259529	27.163232298278	-0.45481535194466
1.3208496548752	27.138296426724	-0.054029893591913
1.3228974837975	27.416984707628	0.19202867506934
1.3249453127198	27.667214035757	0.061416729502540
1.3269931416421	27.525173081188	-0.18535668942004
1.3290409705644	27.127341817069	-0.073274735042458
1.3310887994867	27.013015764122	0.42293197244368
1.3331366284089	27.389862170205	0.75590102552182
1.3351844573312	27.763914567292	0.53257779954409
1.3372322862535	27.573938166712	0.13085092473163
1.3392801151758	27.025565625656	0.24102694612880
1.3413279440981	26.880801264129	0.87037563224687
1.3433757730204	27.379940511517	1.2528303628294
1.3454236019427	27.823541047638	0.91546685110007
1.3474714308650	27.526031463257	0.42151468390509
1.3495192597872	26.850116244675	0.62884081703410
1.3515670887095	26.765564421519	1.4271663637544
1.3536149176318	27.446665951011	1.8099841559841
1.3556627465541	27.931973460498	1.3085681830437
1.3577105754764	27.469445466062	0.75611609385796
1.3597584043987	26.682352740492	1.1549369970962
1.3618062333210	26.766389876836	2.1641874245652
1.3638540622433	27.716427671763	2.4676878022289
1.3659018911655	28.168741043185	1.6949814640801
1.3679497200878	27.323643187932	1.1790621631785
1.3699975490101	26.348691437823	2.2248563026315
1.3720453779324	27.084712281824	4.0794114748841
1.3740932068547	29.525120117423	4.5133185663578
1.3761410357770	31.455393522632	2.5435883888525
1.3781888646993	30.961329975908	-0.18412823654492
1.3802366936216	28.686251520830	-1.2476148331486
1.3822845225438	26.956215710388	-0.21695603964594
1.3843323514661	26.970234009877	1.1523274139076
1.3863801803884	27.689762520506	1.3474908075222
1.3884280093107	27.628710528082	0.82559651331427
1.3904758382330	26.877487458192	0.92871296564787
1.3925236671553	26.661608752572	1.8050891678441
1.3945714960776	27.350876050166	2.3098251124265
1.3966193249999	27.904491649444	1.8297215992873
1.3986671539221	27.470077857135	1.2361757874884
1.4007149828444	26.684594745834	1.5790393626893
1.4027628117667	26.734293479849	2.5022227201963
1.4048106406890	27.575147719326	2.7518917594578
1.4068584696113	27.963731703363	2.0416049635774
1.4089062985336	27.284179794638	1.5161466553657
1.4109541274559	26.491575023474	2.0925815026872
1.4130019563781	26.747960245162	3.0876315750417
1.4150497853004	27.706069276440	3.1729728574243
1.4170976142227	27.966020704153	2.3176943979182
1.4191454431450	27.101439468038	1.8869058381618
1.4211932720673	26.329616190248	2.6901751602362
1.4232411009896	26.797127148519	3.7687391717660
1.4252889299119	27.900343593934	3.7184767922154
1.4273367588342	28.084977483078	2.7148332915032
1.4293845877564	27.055723362567	2.3326739152833
1.4314324166787	26.263234831246	3.3417082484644
1.4334802456010	26.909754033842	4.5616430309431
1.4355280745233	28.217989223534	4.4404416307829
1.4375759034456	28.401693664986	3.2323519983004
1.4396237323679	27.075354541767	2.7902351501898
1.4416715612902	25.888561771337	4.2180527274689
1.4437193902125	26.587038267948	6.4492783033719
1.4457672191347	29.040898281001	7.4571131516214
1.4478150480570	31.555613654762	6.3702190443975
1.4498628769793	32.669011111273	3.9725956596845
1.4519107059016	32.105396871345	1.5574823455898
1.4539585348239	30.317227265204	0.0078519000746206
1.4560063637462	27.989820284698	-0.14467987261114
1.4580541926685	26.169402578311	1.2591471325040
1.4601020215908	25.975164831585	3.4056519622261
1.4621498505130	27.391736876879	4.6065313633126
1.4641976794353	28.737785533063	3.9243632709052
1.4662455083576	28.296698415785	2.5741119930481
1.4682933372799	26.566059377723	2.7550713107327
1.4703411662022	25.936962315605	4.7892604285936
1.4723889951245	27.577479251905	6.3501601506284
1.4744368240468	29.457020861095	5.4218515194458
1.4764846529690	28.692606930195	3.4753139877857
1.4785324818913	25.773036778454	4.2471804665958
1.4805803108136	24.997789371863	8.8633260573992
1.4826281397359	29.676651771923	13.330854658208
1.4846759686582	37.523722108680	12.239081367602
1.4867237975805	42.197639540634	4.8854081017389
1.4887716265028	39.757634452418	-3.4304225106976
1.4908194554251	32.701562653242	-6.7158414668227
1.4928672843473	27.020907789726	-4.1407436753475
1.4949151132696	25.961070946125	0.059875478561734
1.4969629421919	27.652734492682	1.8363514093712
1.4990107711142	28.540086310184	1.1862298976137
1.5010586000365	27.651693807806	0.68672128543605
1.5031064289588	26.720873017168	1.6157326217162
1.5051542578811	27.079889329593	2.7982291517116
1.5072020868034	27.951082576204	2.8829322515830
1.5092499157256	27.987784640094	2.2971647878067
1.5112977446479	27.301739270200	2.3277420576386
1.5133455735702	27.076671820066	3.1249547502390
1.5153934024925	27.681191281652	3.6244000465618
1.5174412314148	28.185321570585	3.2587006867627
1.5194890603371	27.836007859887	2.7887837572103
1.5215368892594	27.173418639942	3.1237228155889
1.5235847181817	27.201275256868	3.9981827216436
1.5256325471039	27.960056710878	4.4139914954571
1.5276803760262	28.580179751578	4.0526783582868
1.5297282049485	28.569137337777	3.5615437677189
1.5317760338708	28.347085291218	3.4648317713394
1.5338238627931	28.372113504129	3.4776657157036
1.5358716917154	28.373231038535	3.1994324637566
1.5379195206377	27.908721805517	2.9444042301064
1.5399673495600	27.285976280269	3.2999947244677
1.5420151784822	27.267919977940	4.0852959012151
1.5440630074045	27.910761056117	4.4252453771497
1.5461108363268	28.341880705947	3.9793974427609
1.5481586652491	27.955476977107	3.5070434492852
1.5502064941714	27.318034686231	3.8233723416755
1.5522543230937	27.386505517241	4.6046524947898
1.5543021520160	28.110496054932	4.8236341254417
1.5563499809382	28.469174663202	4.2429663425403
1.5583978098605	27.942404873992	3.7953173253283
1.5604456387828	27.291871050203	4.2549661380002
1.5624934677051	27.489296966139	5.1078789103357
1.5645412966274	28.325414953795	5.2718788542264
1.5665891255497	28.716469697124	4.6326620708030
1.5686369544720	28.255740273393	4.1695957478938
1.5706847833943	27.745728656682	4.5115768744075
1.5727326123165	27.960353159815	5.0585415746896
1.5747804412388	28.496962639789	4.9451400710345
1.5768282701611	28.424407941376	4.3801301633233
1.5788760990834	27.740256781807	4.3402269135268
1.5809239280057	27.425811056227	5.0685323940334
1.5829717569280	27.981308229238	5.6472475971543
1.5850195858503	28.632158600995	5.3341622553630
1.5870674147726	28.441202262321	4.6907215895390
1.5891152436948	27.708888352635	4.7823127039187
1.5911630726171	27.554749022556	5.5942558911436
1.5932109015394	28.255191532396	6.0280202417937
1.5952587304617	28.806896836552	5.5284347068215
1.5973065593840	28.407153279440	4.9330673044418
1.5993543883063	27.667419452619	5.2414049763991
1.6014022172286	27.718297964411	6.1104323285073
1.6034500461509	28.506626751657	6.3495966762465
1.6054978750731	28.851647775952	5.7175567606807
1.6075457039954	28.225566083994	5.3163836352072
1.6095935329177	27.582173098905	5.9354928242577
1.6116413618400	27.923741422637	6.8304119047891
1.6136891907623	28.748817770617	6.8523890469161
1.6157370196846	28.819327197172	6.2615555853897
1.6177848486069	28.168540904425	6.3662589810547
1.6198326775292	28.192019376742	7.3796481720678
1.6218805064514	29.436000341006	7.8151889087599
1.6239283353737	30.402553205927	6.6629774355441
1.6259761642960	29.527369489413	5.2385677790385
1.6280239932183	27.688963204688	5.6240806724355
1.6300718221406	27.311967966088	7.5844682827789
1.6321196510629	28.892525841167	8.5851928910443
1.6341674799852	29.985822312062	7.3997510754264
1.6362153089074	28.649258450696	6.2227180599199
1.6382631378297	26.652873444095	7.6998745786528
1.6403109667520	27.295840258658	10.678554270676
1.6423587956743	30.218139053136	11.264464616221
1.6444066245966	30.910555076736	8.7749875306206
1.6464544535189	27.066459548015	8.3097247741758
1.6485022824412	23.785782577662	14.757520313154
1.6505501113635	29.226503338559	24.704814776722
1.6525979402857	44.145785870210	27.480392713580
1.6546457692080	58.188981141504	16.347869669016
1.6566935981303	59.242639753511	-2.6122038871896
1.6587414270526	46.274749549188	-15.319851669385
1.6607892559749	30.740524841704	-13.780255632970
1.6628370848972	24.548261581254	-3.5879667067914
1.6648849138195	28.368431525692	3.4297271794070
1.6669327427418	33.236315831520	2.2273728053466
1.6689805716640	32.197483031587	-1.8705196903558
1.6710284005863	27.480727581075	-1.7101600693482
1.6730762295086	25.677966072746	2.7805357112519
1.6751240584309	28.629543291112	5.8846852632116
1.6771718873532	31.766415568238	4.3513708097522
1.6792197162755	30.816326149523	1.3177097894692
1.6812675451978	27.271179067321	1.5989443920939
1.6833153741201	25.923487516534	5.4465330827026
1.6853632030423	28.669743356485	8.7583443693866
1.6874110319646	32.768478874701	8.4470724727879
1.6894588608869	34.795024565982	5.5248300061684
1.6915066898092	34.273172720683	2.7842581631518
1.6935545187315	32.783709363332	1.3675467533445
1.6956023476538	31.184337744033	0.76335570252027
1.6976501765761	29.311366048103	0.91071947402346
1.6996980054984	27.728085586775	2.4079848136240
1.7017458344206	27.822659288454	4.6970616383753
1.7037936633429	29.662898930195	5.7926063690171
1.7058414922652	31.167212730192	4.7204143797624
1.7078893211875	30.537230257599	3.1755857366031
1.7099371501098	28.785253353320	3.5094394231805
1.7119849790321	28.513503032486	5.5163700048784
1.7140328079544	30.341442031479	6.6243026775650
1.7160806368766	31.986003176888	5.4495872975242
1.7181284657989	31.436121032244	3.7675380671672
1.7201762947212	29.805618145570	4.0285865212874
1.7222241236435	29.777331459302	5.8723709619822
1.7242719525658	31.789522825937	6.6055951471537
1.7263197814881	33.384137714543	5.0078805928864
1.7283676104104	32.669907432368	3.0604103850382
1.7304154393327	30.975813920769	3.1264364547514
1.7324632682549	30.911771971503	4.6059782913582
1.7345110971772	32.617522638322	4.8414321925357
1.7365589260995	33.569867682210	2.9637061799954
1.7386067550218	32.211641469452	1.1604394957335
1.7406545839441	30.187782773331	1.5570252758256
1.7427024128664	29.987068734185	3.1987698800931
1.7447502417887	31.391979425740	3.4627996852500
1.7467980707110	31.839209919627	1.8519408644817
1.7488458996332	30.155879619262	0.70617849742172
1.7508937285555	28.282676439496	1.8171064446861
1.7529415574778	28.505853884564	3.8297446557134
1.7549893864001	30.191140995155	4.1720028525212
1.7570372153224	30.721487929850	2.7250336840230
1.7590850442447	29.276353752572	1.9467206236585
1.7611328731670	27.999648469902	3.2817767129901
1.7631807020893	28.877753097257	5.0445695348614
1.7652285310115	30.837501157404	4.8297327746736
1.7672763599338	31.252077625181	2.9725197155027
1.7693241888561	29.682457619152	2.0711703678974
1.7713720177784	28.463403930575	3.2686299168254
1.7734198467007	29.305681697394	4.6608138839221
1.7754676756230	30.836489981148	4.1145753120287
1.7775155045453	30.632896455828	2.4003929085228
1.7795633334676	28.795296092166	2.0909096811290
1.7816111623898	27.867860670037	3.8077447569910
1.7836589913121	29.189864824579	5.2547484805830
1.7857068202344	30.938414101633	4.4689066626233
1.7877546491567	30.707460023875	2.6227373202582
1.7898024780790	28.927470259369	2.3370454338002
1.7918503070013	28.207238347007	3.9287288457010
1.7938981359236	29.555859478883	4.9968833399598
1.7959459648458	30.942839155699	3.9301797187402
1.7979937937681	30.270786040560	2.2519868911410
1.8000416226904	28.445957289347	2.4012287989584
1.8020894516127	28.078564307702	4.1622058833978
1.8041372805350	29.673630524790	4.9387571739820
1.8061851094573	30.840883400322	3.5182524809295
1.8082329383796	29.720245302948	1.8892772297355
1.8102807673019	27.708072636796	2.4377775639430
1.8123285962241	27.521712911401	4.5150372285585
1.8143764251464	29.338059751978	5.3246283071893
1.8164242540687	30.545201131728	3.8887160575195
1.8184720829910	29.477900906175	2.4124315257940
1.8205199119133	27.778533843483	3.0878602461146
1.8225677408356	27.993981630895	4.9358509147762
1.8246155697579	29.874949193174	5.2323722966161
1.8266633986802	30.716884606548	3.4619405733872
1.8287112276024	29.258012127855	2.0914933367842
1.8307590565247	27.512977498791	3.0358872891533
1.8328068854470	27.886054766528	4.9051234793842
1.8348547143693	29.716873070719	5.0097699349245
1.8369025432916	30.243212667083	3.2415611354808
1.8389503722139	28.600430384291	2.2299629338721
1.8409982011362	27.086630286950	3.5388841219436
1.8430460300585	27.855628849268	5.3887705692037
1.8450938589807	29.801507752004	5.2034426577151
1.8471416879030	30.138900164719	3.3195188313542
1.8491895168253	28.412920898632	2.5024713607543
1.8512373457476	27.152868923607	3.9545458896312
1.8532851746699	28.214158487810	5.5729241243066
1.8553330035922	30.082835221769	4.9844802210933
1.8573808325145	30.045441332437	2.9863300368693
1.8594286614368	28.106526155194	2.4167090923493
1.8614764903590	26.995234790371	4.0688725138489
1.8635243192813	28.234725591950	5.5444462433966
1.8655721482036	29.942852787928	4.7161030580031
1.8676199771259	29.552172044680	2.8085357040980
1.8696678060482	27.532833876379	2.6372617056676
1.8717156349705	26.732135238734	4.5335389036042
1.8737634638928	28.265414107387	5.8471694636283
1.8758112928150	29.894624942312	4.7675437495006
1.8778591217373	29.261296190275	2.9481176109240
1.8799069506596	27.316194025808	3.1161824096906
1.8819547795819	26.964106554182	5.0960317909366
1.8840026085042	28.840679583835	6.0101194539540
1.8860504374265	30.322379421247	4.4213942776113
1.8880982663488	29.253564399911	2.4607608450376
1.8901460952711	27.060458663691	2.8308087999210
1.8921939241933	26.749423681870	4.9493843658917
1.8942417531156	28.625718722956	5.7769909304542
1.8962895820379	29.872187217457	4.1646409523152
1.8983374109602	28.602841191737	2.4876303730980
1.9003852398825	26.571243280179	3.2160914352895
1.9024330688048	26.638681328474	5.3542610597021
1.9044808977271	28.647348552855	5.8755294679402
1.9065287266494	29.646445570157	4.0873099010053
1.9085765555716	28.149812691389	2.6314185908349
1.9106243844939	26.284508207196	3.6698399874834
1.9126722134162	26.721003270307	5.7556221958114
1.9147200423385	28.807053528400	5.9151698230253
1.9167678712608	29.495005470333	3.9509105153946
1.9188157001831	27.745483090787	2.7490269437703
1.9208635291054	26.056442514968	4.1219235426050
1.9229113580277	26.886391188350	6.1669511048056
1.9249591869499	29.102149890122	5.9660211606589
1.9270070158722	29.570306414891	3.7655792763092
1.9290548447945	27.620276391631	2.6325005077841
1.9311026737168	25.975669000645	4.0816491618333
1.9331505026391	26.835091527697	5.9566668064219
1.9351983315614	28.755228730277	5.5829131087713
1.9372461604837	28.801289569327	3.6163103946449
1.9392939894060	26.817166284260	3.0429530930757
1.9413418183282	25.633371922862	4.8167669643611
1.9433896472505	26.940261826749	6.4710742191774
1.9454374761728	28.830354261077	5.7012456740072
1.9474853050951	28.567865655638	3.7011983599949
1.9495331340174	26.545695839471	3.4137832426016
1.9515809629397	25.681315142226	5.2586692742151
1.9536287918620	27.155049661872	6.5562695262683
1.9556766207842	28.710128829053	5.4596895158115
1.9577244497065	27.965368524274	3.6360163535189
1.9597722786288	25.857301222609	3.8069880849511
1.9618201075511	25.183011540454	5.8241901451120
1.9638679364734	26.485080766614	7.0824461073139
1.9659157653957	27.474883996695	6.5787469062720
1.9679635943180	26.876557862492	6.3909763419394
1.9700114232403	26.769163544170	8.1430780284399
1.9720592521625	29.487090151356	9.7485240101368
1.9741070810848	33.372262038963	7.8043208822975
1.9761549100071	34.018415444324	2.7759398430185
1.9782027389294	30.053293066951	-0.59425895235028
1.9802505678517	25.541108208027	0.99144784381494
1.9822983967740	25.157422944382	5.0103958166194
1.9843462256963	28.280528750627	6.2822833926546
1.9863940546186	30.016412500977	3.6661509170103
1.9884418835408	27.847344521245	1.2689365814804
1.9904897124631	24.842864115511	2.5831358022587
1.9925375413854	25.125293646254	5.7061187481579
1.9945853703077	28.038374743280	6.2084559428542
1.9966331992300	29.180900929638	3.4769809471312
1.9986810281523	26.729465879451	1.5437930974312
2.0007288570746	24.028694371322	3.2928334841581
2.0027766859969	24.789849439809	6.3354882589345
2.0048245149191	27.774773863099	6.4346251670157
2.0068723438414	28.565194174700	3.5768358102273
2.0089201727637	25.895254251528	2.0044715624803
2.0109680016860	23.488515213843	4.1411989384317
2.0130158306083	24.742869430140	7.0910363609379
2.0150636595306	27.842829174615	6.7491197031378
2.0171114884529	28.314448599860	3.6815291074365
2.0191593173752	25.415222837606	2.3521839898091
2.0212071462974	23.220976996711	4.7517854010095
2.0232549752197	24.802516566023	7.5279188978235
2.0253028041420	27.795290376624	6.7778668166827
2.0273506330643	27.762376918377	3.6951134904659
2.0293984619866	24.622954795892	2.9276867026973
2.0314462909089	22.905286313827	5.8603189465917
2.0334941198312	25.267334018179	8.4129645817234
2.0355419487534	28.416417201267	6.7292732600188
2.0375897776757	27.436181549216	2.9191564511952
2.0396376065980	22.777684955926	2.6518109310513
2.0416854355203	20.229064795057	7.5787758536071
2.0437332644426	23.655498647763	12.789488753101
2.0457810933649	30.106742995064	12.746344873385
2.0478289222872	33.576194155210	7.8106474901506
